-61.972400924747475, 37.01277645591631, 45.45585241499221
-60.776407247301286, 35.33395795192071, 45.259995962881455
-59.39916579722194, 33.80054136024502, 44.61915634851674
-57.84350536141026, 32.448972628859764, 43.529793940802215
-56.1128784846429, 31.331158957444572, 42.42601511213977
-54.22071144205012, 30.518168914964075, 41.437394011488934
-52.20638277928316, 30.094451887798776, 41.23780907047949
-50.14902346125096, 30.12989901607462, 42.47472831306073
-48.15458460612934, 30.63674570368463, 45.29984129519606
-46.31116839045238, 31.553755074924013, 40.600657627484864
-44.65957398629112, 32.785110649486285, 28.71192269581286
-43.19935004220779, 34.2394848482684, 0
-29.912073265609397, 49.18767122194159, 0
endData
200
200
200
-61.972400924747475, 37.01277645591631, -57.919128575108225, 30.612872745959596, -50.025913999494946, 26.559600396320345, -43.19935004220779, 34.2394848482684
